#1 Fault ID
#2-4 Centroid X (km) Centroid Y (km) Centroid Z (km)
#5-7 Major Axis Upper Endpoint X (km) Major Axis Upper Endpoint Y (km) Major Axis Upper Endpoint Z (km)
#8-10 Major Axis Lower Endpoint X (km) Major Axis Lower Endpoint Y (km) Major Axis Lower Endpoint Z (km)
#11-13 Intermediate Axis Upper Endpoint X (km) Intermediate Axis Upper Endpoint Y (km) Intermediate Axis Upper Endpoint Z (km)
#14-16 Intermediate Axis Lower Endpoint X (km) Intermediate Axis Lower Endpoint Y (km) Intermediate Axis Lower Endpoint Z (km)
#17-19 Short Axis Upper Endpoint X (km) Short Axis Upper Endpoint Y (km) Short Axis Upper Endpoint Z (km)
#20-22 Short Axis Lower Endpoint X (km) Short Axis Lower Endpoint Y (km) Short Axis Lower Endpoint Z (km)
#23 Strike (deg)
#24 Dip Angle (deg)
#25 Optimal C Value
#26 Number of Events constituting the fault
1 18.1679 1.62567 7.55 21.3387 5.11129 8.975 15.0669 -0.559845 6.20661 16.7638 3.96452 7.39139 19.6418 0.586922 7.79022 18.0748 2.21549 8.00409 18.3308 2.33596 7.17752 47.8792 18.8912 70 1528
2 5.93326 4.91003 6.2 6.88119 4.30644 6.2315 5.04153 5.49564 6.14255 5.91267 4.8542 6.56767 6.01004 4.94788 5.80638 5.99639 4.95607 6.19827 5.92633 4.84601 6.17577 122.88 80.2132 70 262
3 3.45843 4.22708 5.55 4.07221 4.52542 7.00954 2.7912 3.83268 3.72877 3.69746 4.44884 5.20843 3.16595 3.90925 5.52989 3.25456 4.37064 5.39787 3.60884 3.98746 5.34045 61.5965 83.7209 70 678
4 9.5667 3.14437 4.92 15.6755 0.105412 5.80921 1.0554 7.39149 4.03365 8.33436 3.79834 5.38233 8.39658 3.69856 4.46054 8.51173 4.03675 4.9001 8.2192 3.46015 4.94277 116.49 86.2244 70 852
5 14.2689 0.941599 5.79 14.7 0.888191 5.91068 13.6187 1.04916 5.55432 14.0317 0.985553 6.12753 14.287 0.951796 5.33747 14.182 1.12268 5.73325 14.1367 0.814665 5.73175 98.4669 89.7241 70 20
6 3.84463 3.41691 4.53 5.05554 3.86618 4.95674 2.51005 3.01661 4.063 3.69694 3.25503 4.93156 3.86866 3.62776 4.08818 3.7261 3.56566 4.55324 3.8395 3.31713 4.4665 71.5432 72.3831 70 529
7 12.7513 6.07914 7.32 12.7191 6.09191 7.47615 12.8113 6.0665 7.19476 12.8543 6.10867 7.36198 12.6761 6.04975 7.30893 12.7542 6.11912 7.32823 12.7763 6.03929 7.34268 105.412 80.1061 70 11
8 9.45148 5.44888 6.42 10.0129 5.564 6.59584 8.99992 5.34871 6.31507 9.48596 5.44476 6.53814 9.52687 5.46795 6.37277 9.49949 5.4858 6.45787 9.51335 5.42691 6.45304 78.0011 85.4345 70 11
9 8.7508 4.91593 5.975 8.92596 5.04057 6.30691 8.60348 4.75097 5.63209 9.02246 4.96827 5.81521 8.50697 4.82327 6.12379 8.69573 5.06063 5.93172 8.8337 4.73091 6.00728 48.0745 78.0622 70 20
10 9.49351 3.19163 5.59 14.1646 0.970083 6.04031 5.28467 5.22893 5.2091 9.87386 3.42384 5.69248 9.57545 2.77518 5.55693 9.66945 3.05225 5.97236 9.77986 3.14676 5.27705 115.622 11.8063 70 357
11 4.82137 5.70024 5.28 6.3385 5.0117 5.46355 3.27029 6.30504 5.14398 4.77782 5.69896 5.7232 4.83097 5.61778 4.88433 4.86655 5.80333 5.29368 4.74224 5.51341 5.31385 112.857 86.3403 70 324
12 10.2065 0.794488 4.54 9.91914 1.20715 4.60665 10.6226 0.186139 4.47749 10.2807 0.673296 4.78001 10.2611 0.719992 4.30413 10.3353 0.740798 4.54375 10.2065 0.65249 4.54039 145.434 88.7669 70 29
13 4.6692 5.62079 7.31 4.99504 5.4617 7.28697 4.30817 5.75221 7.32743 4.64666 5.56511 7.52363 4.65656 5.6488 7.09077 4.67039 5.65014 7.31598 4.63283 5.56377 7.29842 112.926 79.4389 70 25
14 6.83757 4.13095 6.515 6.66214 4.42502 6.47375 6.92888 3.80636 6.54825 6.96517 4.18837 6.5071 6.62585 4.04301 6.5149 6.79263 4.12881 6.63024 6.79839 4.10257 6.39176 156.676 6.42649 70 10
15 18.795 1.18856 7.99 19.7206 1.46235 8.28631 17.8534 0.961127 7.7008 18.7872 1.41523 7.8188 18.7868 1.00825 8.1683 18.7021 1.34577 8.14954 18.8719 1.07771 7.83757 74.974 45.485 70 197
16 10.8347 1.18089 5.19 11.4931 1.36337 5.53472 10.0856 1.01995 4.76482 10.6661 1.07153 5.42859 10.9125 1.3118 4.87094 10.7117 1.39251 5.20202 10.8669 0.990816 5.09752 76.288 76.3589 70 173
17 14.3548 1.00537 6.425 14.6409 1.25622 6.46659 14.065 0.831429 6.3811 14.3007 1.07197 6.63591 14.4052 1.01569 6.21179 14.3092 1.10704 6.40467 14.3967 0.980608 6.44302 53.5891 76.0006 70 26
18 8.86241 0.884111 4.37 9.17064 0.817875 4.50231 8.50255 1.01141 4.24702 8.72933 0.760779 4.53872 8.94385 1.06851 4.21061 8.8305 1.02556 4.47471 8.84269 0.803733 4.27463 106.156 47.9936 70 15
19 9.32287 3.35453 6.68 10.166 3.09589 7.05591 8.32689 3.65185 6.32889 9.10709 3.38115 7.05052 9.38582 3.36659 6.33428 9.27745 3.48908 6.70212 9.21547 3.25865 6.68268 106.82 85.3442 70 150
20 3.16207 4.60303 4.93 6.38418 3.83164 5.97273 -1.14386 5.72794 3.77449 2.46884 4.70312 5.3257 2.77149 4.85645 4.42153 2.67618 5.08365 4.94389 2.56414 4.47593 4.80333 104.139 77.1856 70 368
21 2.76211 3.75172 4.51 2.96774 3.78253 4.86596 2.50912 3.6971 4.01138 2.86632 3.70094 4.37392 2.61054 3.77868 4.50341 2.75285 3.81219 4.42369 2.72401 3.66744 4.45364 79.4483 78.5311 70 15
22 5.75466 6.52214 4.56 6.02534 6.6871 4.4634 5.55154 6.379 4.71312 5.86426 6.56196 4.76778 5.71262 6.50414 4.40874 5.76495 6.57212 4.59189 5.81193 6.49398 4.58463 56.9647 85.4474 70 23
23 11.5716 3.37899 6.22 16.1657 4.1171 7.34065 8.63153 2.83477 5.2705 12.3925 3.8394 6.10252 12.4047 3.11247 6.50863 12.2917 3.63605 6.59538 12.5055 3.31582 6.01576 80.3407 33.5954 70 253
24 19.5268 4.57067 7.98 20.4182 4.53441 8.08332 18.6821 4.57326 7.8106 19.5104 4.68482 8.21833 19.5898 4.42285 7.67559 19.5642 4.69999 7.87847 19.5361 4.40768 8.01545 91.2817 64.9915 70 102
25 4.64027 2.33921 4.3 5.33131 2.17724 4.69678 3.98907 2.46663 4.00766 4.54982 2.32616 4.56896 4.77056 2.31772 4.13548 4.682 2.44389 4.36096 4.63838 2.19999 4.34349 102.167 85.9678 70 27
26 13.9424 2.87672 6.51 14.508 2.98505 6.83056 13.4944 2.77134 6.26544 13.8769 3.07765 6.69544 14.1255 2.67874 6.40056 13.956 2.75601 6.67522 14.0464 3.00038 6.42078 78.0946 45.6766 70 55
27 19.9746 2.2388 7.85 21.1974 2.56966 7.96851 18.4706 1.94156 7.67574 19.8122 2.4193 7.67401 19.8558 2.09193 7.97023 19.7999 2.35175 7.93339 19.8681 2.15947 7.71085 77.0286 42.5124 70 33
28 3.90188 3.53867 3.97 4.76397 3.72755 4.07443 3.04338 3.32551 3.84961 3.86334 3.53192 4.26108 3.94401 3.52115 3.66296 3.85361 3.74679 3.9513 3.95374 3.30627 3.97274 76.8481 87.2828 70 99
29 5.88795 3.20814 4.445 6.63574 3.12278 4.59724 5.33672 3.30341 4.28205 5.90659 3.25714 4.79311 6.06587 3.16906 4.08617 6.00954 3.35832 4.4268 5.96292 3.06787 4.45249 97.916 85.0099 70 56
30 17.7784 2.38241 7.485 18.7239 2.4155 7.98218 17.1709 2.36409 7.00782 17.7946 2.62122 7.72638 18.1002 2.15837 7.26362 18.0154 2.55168 7.37802 17.8794 2.22791 7.61198 88.1038 56.3304 70 16
31 16.2104 2.39981 7.27 16.1343 2.1896 7.55291 16.3143 2.73224 6.88043 16.2539 2.73745 7.44772 16.1947 2.18439 6.98562 16.3244 2.44116 7.2275 16.1242 2.48068 7.20583 18.3443 83.9372 70 21
32 12.2455 2.75774 5.99 12.9336 3.29755 6.38045 11.6715 2.37146 5.5657 12.2087 2.59714 6.38825 12.3964 3.07187 5.5579 12.1526 2.99026 6.02824 12.4525 2.67875 5.91791 53.7286 75.6849 70 13
33 5.57925 5.71092 4.935 7.59996 5.49368 5.3054 3.25455 5.85987 4.68953 5.45987 6.07158 5.00206 5.39463 5.28197 4.99287 5.38879 5.67679 5.26889 5.46572 5.67676 4.72604 94.8171 8.06631 70 142
34 4.99454 6.55783 5.58 4.89063 6.78331 6.03415 5.09491 6.28459 5.10525 5.23482 6.43374 5.67673 4.75071 6.63415 5.46267 5.0882 6.6947 5.50438 4.89734 6.37319 5.63502 157.726 70.7404 70 33
35 1.81253 6.40177 4.485 2.28559 6.70054 4.3166 1.32749 6.13317 4.64163 1.90621 6.46547 4.85777 1.70687 6.36824 4.10047 1.77635 6.46858 4.48042 1.83673 6.36513 4.47781 59.3667 88.7522 70 68
36 15.0445 4.71867 6.93 15.2604 4.73591 6.73703 14.8726 4.71259 7.08479 15.0923 4.7722 6.94287 15.0407 4.6763 6.87895 15.0495 4.74505 6.89339 15.0835 4.70344 6.92843 86.5571 56.8687 70 11
37 12.3404 4.94895 6.37 12.5647 4.94677 6.55266 12.0567 4.97926 6.13087 12.2477 5.19484 6.43547 12.3737 4.7312 6.24805 12.2616 4.92689 6.39813 12.3598 4.99914 6.2854 93.6592 47.2439 70 17
38 21.5901 3.86892 7.705 21.7008 3.87661 7.73729 21.4955 3.86605 7.66716 21.6035 3.91155 7.68066 21.5929 3.83111 7.72379 21.5894 3.88508 7.72573 21.6069 3.85758 7.67872 87.0553 34.7293 70 18
39 3.09689 6.26872 4.73 3.01178 6.30092 4.8581 3.171 6.24532 4.60008 3.13669 6.24443 4.76323 3.04609 6.30181 4.69495 3.09799 6.28527 4.73054 3.08479 6.26098 4.72764 109.249 83.9967 70 11
40 6.10025 3.29587 3.795 6.53662 3.35374 3.73067 5.71203 3.22749 3.85033 6.07822 3.61942 3.81969 6.17043 2.96181 3.76131 6.16751 3.27199 4.06846 6.08113 3.30924 3.51254 81.2954 9.60369 70 20
41 8.80151 3.22098 4.5 11.0948 2.40494 4.66875 6.77244 4.05213 4.36547 9.0522 3.56586 4.65949 8.81508 2.89121 4.37472 8.87313 3.12443 4.81413 8.99415 3.33264 4.22008 110.861 22.0675 70 197
42 3.43159 4.89602 4.26 4.39955 4.4501 4.57107 2.77575 5.1767 3.94341 3.47923 4.7343 4.44617 3.69607 4.89249 4.06831 3.62849 4.98811 4.35382 3.5468 4.63869 4.16066 114.107 61.7068 70 29
43 3.26028 4.62293 5.88 3.25139 4.72498 6.39661 3.22443 4.49435 5.42045 3.45561 4.52628 5.92222 3.02021 4.69305 5.89484 3.26328 4.67331 5.89279 3.21254 4.54602 5.92427 6.66792 77.0637 70 34
44 4.72681 6.04906 6.975 4.73193 6.2902 7.21302 4.76344 5.72363 6.68798 4.94498 6.00554 6.96383 4.55039 6.0083 6.93717 4.74233 5.9396 7.02282 4.75304 6.07423 6.87818 176.817 43.0379 70 20
45 4.17108 4.37658 5.785 4.61253 4.32589 6.05369 3.78962 4.42807 5.57822 4.09217 4.56978 6.04588 4.30999 4.18418 5.58603 4.27054 4.52235 5.72696 4.13161 4.23162 5.90494 97.0782 61.0863 70 84
46 6.66106 4.33093 6.13 6.78189 4.12553 6.48089 6.55797 4.50222 5.81397 6.81227 4.27647 6.07851 6.52759 4.35128 6.21634 6.69182 4.36133 6.16688 6.64804 4.26643 6.12798 149.272 69.5815 70 35
47 11.8527 4.56522 6.76 12.5464 4.86583 6.73492 11.2091 4.02045 6.78988 11.6487 4.79276 6.56611 12.1069 4.09352 6.95869 11.8263 4.53966 6.9944 11.9293 4.34662 6.5304 57.7013 25.2454 70 25
48 2.23751 4.55354 5.31 2.47312 4.71049 5.68045 2.04257 4.45893 5.05511 2.1473 4.70802 5.39428 2.36839 4.46139 5.34127 2.19459 4.51239 5.44042 2.3211 4.65702 5.29513 59.7034 52.9071 70 18
49 7.12663 3.95876 5.085 7.73804 4.04987 5.41631 6.64385 3.86805 4.79069 7.14584 3.88168 5.20486 7.23606 4.03625 5.00214 7.15396 4.03602 5.1458 7.22793 3.88191 5.0612 80.5652 63.6722 70 20
50 11.0912 3.70602 5.73 12.0811 3.67088 5.6635 9.86961 3.77239 5.81828 11.0036 3.72023 6.14517 10.9471 3.72304 5.33661 10.9857 3.94715 5.74094 10.965 3.49612 5.74083 92.6279 89.9853 70 79
51 13.3777 3.26018 6.195 13.0543 3.18826 6.53069 13.745 3.36423 5.72855 13.6532 3.15446 6.32127 13.146 3.39803 5.93796 13.4143 3.35355 6.15925 13.3849 3.19895 6.09998 75.7066 69.3629 70 26
52 3.93558 4.56344 4.625 3.96986 4.6011 5.02175 3.90028 4.5073 4.25721 4.13915 4.50096 4.62744 3.73098 4.60743 4.65153 3.97199 4.70057 4.61816 3.89815 4.40783 4.6608 36.5693 81.9617 70 58
53 18.6486 5.99908 7.76 19.6586 6.40401 7.85309 17.6523 5.70457 7.6692 18.5431 6.3885 7.71641 18.7679 5.72008 7.80588 18.636 6.06883 7.91879 18.675 6.03976 7.6035 70.7803 8.77561 70 70
54 11.8723 4.79828 6.66 12.8066 5.12307 7.22752 10.9843 4.30766 5.85886 12.0957 4.57348 6.36105 11.6952 4.85725 6.72533 11.906 4.85578 6.44545 11.8849 4.57496 6.64093 65.8924 55.234 70 47
55 5.69344 3.37988 5.115 6.5178 3.46075 5.06429 4.62946 3.29699 5.25218 5.57617 3.61693 5.39128 5.57109 3.14081 4.92519 5.60173 3.2295 5.31051 5.54553 3.52824 5.00596 85.0439 44.9462 70 34
56 3.91132 3.39656 4.92 4.62497 3.82708 5.17636 2.72801 2.59349 4.50364 3.61892 3.37161 4.7065 3.73406 3.04896 4.9735 3.57958 3.28637 4.97374 3.7734 3.1342 4.70626 56.9643 42.6533 70 41
57 8.42764 4.35084 5.81 8.79505 4.55342 5.77021 7.99872 4.10678 5.86517 8.46775 4.24584 6.01567 8.32602 4.41436 5.61971 8.3677 4.38975 5.85352 8.42606 4.27046 5.78186 60.7132 61.6484 70 13
58 5.69812 5.21093 5.82 6.16563 4.9323 5.83637 5.24486 5.46187 5.80798 5.87127 5.48163 5.74519 5.53922 4.91254 5.89915 5.71467 5.21888 5.92307 5.69582 5.17529 5.72127 119.905 13.2441 70 23
59 9.73516 2.85771 6.22 9.36382 3.30026 6.12181 10.1845 2.42576 6.32902 9.84755 2.9997 6.51169 9.70081 2.72632 5.93914 9.89797 2.96063 6.14708 9.65039 2.76539 6.30375 136.817 63.5772 70 48
60 4.70758 5.82895 5.75 4.39726 6.43692 5.30336 4.96785 5.43301 6.16816 4.66665 6.04447 5.87337 4.69846 5.82546 5.59815 4.81143 5.98604 5.71001 4.55369 5.88389 5.7615 150.388 79.4797 70 33
61 4.86633 2.19165 3.96 5.96949 2.3576 4.30822 3.55674 1.97757 3.72848 4.7864 2.55223 3.66932 4.73984 1.78294 4.36739 4.68836 2.34744 4.21157 4.83787 1.98773 3.82513 81.0488 45.2294 70 91
62 16.0307 6.07691 6.64 16.5093 6.04013 6.74975 15.4652 6.15208 6.5693 15.987 6.39193 6.84467 15.9875 5.80028 6.47438 15.9555 6.01328 6.79181 16.019 6.17893 6.52723 96.1206 33.8414 70 21
63 11.4093 4.44224 5.82 11.6029 4.67205 5.93038 11.2333 4.24831 5.74296 11.5734 4.34947 5.7808 11.2628 4.57088 5.89254 11.4203 4.42374 5.91481 11.416 4.49661 5.75852 41.0934 25.0334 70 15
64 6.75454 2.76447 4.355 6.61336 3.0455 4.25225 6.86027 2.55547 4.48175 6.71583 2.8406 4.47522 6.75779 2.76037 4.25878 6.80506 2.83506 4.36741 6.66857 2.7659 4.36659 153.258 89.6925 70 20
65 9.08158 5.58554 6.2 9.66174 5.57519 6.39816 8.4855 5.61347 5.94154 9.15531 5.83482 5.97958 8.99193 5.35384 6.36012 9.06322 5.62082 6.19887 9.08402 5.56784 6.14083 91.8643 44.4447 70 68
66 5.32349 5.79709 4.505 5.52731 5.88188 4.54734 5.09398 5.73174 4.46766 5.28504 5.90473 4.46224 5.33625 5.70889 4.55276 5.298 5.82203 4.54759 5.32329 5.79159 4.46741 70.8898 26.2735 70 12
67 10.2304 0.584997 5.45 10.3052 0.688956 5.75712 10.1553 0.472477 5.08195 10.4897 0.579091 5.36246 9.9709 0.582342 5.47661 10.2232 0.696183 5.38408 10.2374 0.46525 5.45499 34.7021 72.9625 70 43
68 8.34324 0.581438 3.98 8.79653 0.758654 4.21647 7.84982 0.395393 3.80883 8.20622 0.516731 4.33799 8.44013 0.637316 3.6873 8.30777 0.615409 4.01422 8.33858 0.538638 4.01107 69.0078 87.819 70 34
69 11.0144 0.369167 6.16 11.402 0.39986 6.13299 10.3961 0.36048 6.17871 10.905 0.391222 6.29616 10.8931 0.369118 6.01555 10.8942 0.494703 6.14704 10.904 0.265637 6.16467 87.758 85.6029 70 41
70 15.951 0.405861 6.32 16.4655 0.244478 6.36196 15.4562 0.573084 6.31378 16.005 0.56693 6.49114 15.9167 0.250632 6.1846 15.9169 0.29311 6.4699 16.0048 0.524452 6.20585 108.034 43.1456 70 47
71 11.0745 1.43019 5.64 11.8483 1.32406 6.18163 10.2777 1.52016 5.21189 11.1829 1.60034 5.53857 10.9431 1.24387 5.85494 11.0185 1.53659 5.792 11.1075 1.30762 5.60151 97.117 52.2102 70 37
72 4.80757 2.82146 4.97 4.95148 2.85104 5.09433 4.69102 2.79222 4.78204 4.89165 2.79535 4.88441 4.75084 2.84792 4.99195 4.82966 2.88167 4.91985 4.81283 2.76159 4.95651 77.2732 73.1782 70 11
73 11.1752 0.269203 7.11 11.367 0.519102 6.96266 11.0125 0.0729245 7.25067 11.1774 0.418188 7.28072 11.2021 0.173839 6.93262 11.3062 0.236026 7.15705 11.0733 0.356 7.05628 38.462 68.9635 70 27
74 20.6565 2.9659 7.85 21.8225 3.13016 7.83574 19.9104 2.79227 7.85982 20.8211 3.21699 7.83106 20.9119 2.70543 7.86449 20.8665 2.96584 7.91829 20.8664 2.95659 7.77727 79.9782 3.74962 70 45
75 16.0061 3.46939 7.34 15.7805 3.43386 7.65749 16.2488 3.52627 6.93219 16.2744 3.46395 7.46053 15.7548 3.49619 7.12914 16.0114 3.71352 7.32253 16.0178 3.24661 7.26715 78.8371 83.2356 70 31
76 10.6369 3.7893 6.2 11.5662 3.7164 6.31374 9.60248 3.83239 6.04848 10.6085 4.05666 6.12547 10.5602 3.49214 6.23675 10.5549 3.82424 6.42115 10.6138 3.72455 5.94108 93.3802 13.5635 70 27
77 20.067 6.31559 7.345 20.5877 6.22253 7.5137 19.5234 6.41094 7.26059 20.0756 6.60195 7.51523 20.0355 6.03152 7.25906 20.0098 6.25442 7.53305 20.1013 6.37904 7.24124 100.038 27.9117 70 28
78 2.84251 4.18204 4.63 2.81886 4.07761 5.02827 2.84208 4.35114 4.25354 2.94884 4.31166 4.6788 2.7121 4.1171 4.60302 2.77694 4.27218 4.65971 2.884 4.15657 4.6221 4.85095 76.5748 70 11
79 11.1963 1.51081 4.93 11.9769 2.02581 5.38793 10.104 1.07058 4.45207 10.9948 1.34169 5.22211 11.0861 1.7547 4.61789 10.9206 1.69955 5.00535 11.1603 1.39684 4.83465 62.9766 66.1488 70 41
80 7.74214 0.284103 4.01 7.49246 0.0375313 4.37847 7.94465 0.498708 3.73265 7.91988 0.365281 4.2659 7.51724 0.170959 3.84521 7.697 0.298493 4.06215 7.74011 0.237746 4.04896 44.4366 79.9533 70 27
81 13.2367 2.67446 5.42 13.2991 2.80597 5.92366 13.187 2.5564 5.04907 13.3874 2.71652 5.45779 13.0987 2.64585 5.51493 13.2362 2.70455 5.48058 13.2499 2.65782 5.49215 24.1763 76.6309 70 11
82 12.1226 2.36929 5.3 12.5654 2.52514 5.49229 11.784 2.17926 5.07521 12.029 2.5596 5.38471 12.3204 2.14479 5.18279 12.1448 2.27127 5.40686 12.2046 2.43312 5.16064 66.1227 35.0209 70 16
83 2.13244 4.62727 5.08 2.49484 4.61943 5.2326 1.81105 4.63139 4.937 2.09348 4.68385 5.22474 2.21242 4.56697 4.94486 2.16446 4.69422 5.06096 2.14143 4.5566 5.10864 91.0026 71.1321 70 25
84 0.27094 5.37828 4.95 0.0458002 5.50657 5.19863 0.551402 5.25903 4.66518 0.506021 5.26433 5.18347 0.0911819 5.50127 4.68034 0.357535 5.49451 4.93592 0.239668 5.27108 4.92789 116.086 88.1775 70 21
85 13.533 2.17175 5.93 16.0905 4.62327 7.0756 11.8825 0.587238 4.96621 14.3276 2.38924 5.75378 13.6454 2.82126 6.28803 14.0732 2.3484 6.33935 13.8998 2.8621 5.70246 46.1945 40.4086 70 475
86 21.5738 4.99871 7.85 21.7052 5.03676 7.86107 21.4392 4.96323 7.83115 21.5618 5.04857 7.8189 21.5825 4.95141 7.87332 21.5669 5.01065 7.86716 21.5775 4.98933 7.82506 74.548 29.4951 70 18
87 7.64616 0.046591 4.71 7.81705 0.123902 4.90611 7.48421 -0.0239065 4.48818 7.59146 -0.0134028 4.76669 7.70981 0.113399 4.6276 7.64093 0.0626308 4.7004 7.66034 0.037365 4.69388 66.0549 78.4331 70 14
88 5.01591 3.75405 3.725 5.51266 3.76338 4.11684 4.56301 3.73703 3.23216 4.79367 3.81353 3.93471 5.282 3.68688 3.41429 5.05588 3.92017 3.65007 5.01979 3.58024 3.69893 88.4101 81.8645 70 20
89 7.52877 4.6162 4.645 7.76087 4.73065 4.89939 7.2546 4.50526 4.33436 7.61943 4.63889 4.50844 7.39603 4.59702 4.72531 7.48425 4.69436 4.60744 7.53121 4.54155 4.62631 66.0014 83.2664 70 16
90 12.6795 5.69274 7.03 12.7853 5.73634 7.05587 12.5615 5.62451 7.00308 12.6269 5.74596 7.08765 12.7199 5.61489 6.97129 12.6792 5.65088 7.0674 12.6676 5.70997 6.99155 63.4437 38.4476 70 19
91 19.7884 1.68672 7.37 20.0473 1.80796 8.74061 19.4726 1.52812 6.4243 20.0696 1.75493 7.49514 19.4503 1.58115 7.66977 19.718 1.8107 7.57563 19.8019 1.52537 7.58928 64.0375 87.3725 70 57
92 5.02936 0.223947 4.34 6.1228 0.468297 4.41486 3.95371 0.0836743 4.28878 4.97462 0.602316 4.45124 5.1019 -0.0503444 4.2524 5.03716 0.191553 4.62825 5.03935 0.360418 4.07539 79.9448 16.9861 70 33
93 12.9958 1.91411 6.46 13.5418 2.24854 6.61733 12.6123 1.6325 6.41017 12.9463 2.01058 6.89182 13.2078 1.87046 6.13568 12.9406 2.17692 6.42278 13.2135 1.70411 6.60472 56.4623 71.5666 70 16
94 15.0119 6.19545 6.51 15.386 6.38616 6.79095 14.6029 6.02903 6.28209 14.8363 6.25606 6.74592 15.1526 6.15912 6.32712 14.9725 6.31448 6.49523 15.0164 6.1007 6.57782 65.4871 69.2714 70 23
95 5.33404 5.4446 4.025 5.88294 5.30577 4.06898 4.75587 5.57622 3.96324 5.30126 5.45914 4.25594 5.33755 5.42286 3.77628 5.32777 5.47511 4.01416 5.31103 5.40688 4.01806 103.493 86.8273 70 18
96 18.7787 6.58863 7.785 19.5305 6.57745 7.67063 18.2526 6.58254 7.85159 18.928 6.70665 8.01512 18.8551 6.45334 7.5071 18.885 6.68111 7.71164 18.8982 6.47888 7.81058 90.2285 63.9785 70 18
97 8.00302 5.63553 4.785 8.63536 5.41766 4.94578 7.33274 5.81441 4.62222 7.90108 5.71707 5.24193 8.06702 5.515 4.32607 7.99868 5.65856 4.77727 7.96943 5.57351 4.79073 106.939 81.4848 70 10
98 4.59601 2.30974 3.61 5.54716 2.19911 3.49828 3.99262 2.4054 3.71612 4.79686 2.31466 3.78786 4.74293 2.28985 3.42654 4.77535 2.34756 3.60327 4.76443 2.25695 3.61113 97.5591 85.0817 70 25
99 20.7329 3.67733 7.96 21.096 3.78767 8.03755 20.3814 3.5921 7.87945 20.6719 3.90045 7.9999 20.8055 3.47932 7.9171 20.7328 3.68049 7.99679 20.7446 3.69928 7.92021 74.6949 16.1617 70 20
100 19.3312 1.80525 7.77 19.9117 1.23595 7.88707 18.4499 2.16852 7.61902 19.4069 2.04655 7.71778 18.9546 1.35792 7.7883 19.1639 1.73412 7.9561 19.1976 1.67035 7.54999 122.536 10.0768 70 23
101 6.71546 2.60163 6.18 6.98922 2.5281 6.3414 6.45351 2.67278 5.97272 6.59437 2.60797 6.34454 6.84836 2.59291 5.96957 6.72582 2.6224 6.1592 6.71691 2.57848 6.15492 105.114 84.5488 70 17
102 1.51181 0.158842 5.64 1.93102 0.252621 5.3922 1.16596 0.0582795 5.85446 1.64271 0.21458 5.80414 1.45427 0.0963209 5.44253 1.50794 0.273514 5.60585 1.58904 0.0373869 5.64081 75.7471 82.0296 70 18
103 8.6294 3.01383 4.28 8.7481 3.00831 4.30495 8.50136 3.01841 4.25905 8.61484 3.00446 4.33321 8.63462 3.02226 4.23079 8.62493 3.03796 4.28631 8.62452 2.98876 4.27769 92.3457 80.0546 70 10
104 8.7399 5.24896 6.38 9.33384 5.08104 6.5131 7.93956 5.48212 6.17756 8.70605 5.54423 6.37111 8.56735 5.01893 6.31956 8.62437 5.28 6.39467 8.64903 5.28317 6.29599 106.049 14.1418 70 15
105 13.8407 1.51731 5.77 13.9949 1.44393 6.00967 13.6729 1.64181 5.61233 13.7594 1.7491 5.97406 13.9084 1.33665 5.64794 13.9201 1.60479 5.77203 13.7478 1.48096 5.84997 121.571 69.83 70 10
106 4.51815 3.85018 4.295 4.81803 4.04073 3.98473 4.13707 3.72023 4.51327 4.66194 3.78169 4.42665 4.29316 3.97927 4.07135 4.47458 4.01796 4.32853 4.48052 3.74301 4.16947 64.7949 59.9552 70 10
